image: project_lab_mymap.pgm
resolution: 0.050000
# origin: [-10.000000, -10.000000, 0.000000]
origin: [-10.0000, -10.0000, 0.000000]
negate: 0
occupied_thresh: 0.65
free_thresh: 0.196

